xof 0303txt 0032
template AnimTicksPerSecond {
 <9e415a43-7ba6-4a73-8743-b73d47e88476>
 DWORD AnimTicksPerSecond;
}

template Frame {
 <3d82ab46-62da-11cf-ab39-0020af71e433>
 [...]
}

template Matrix4x4 {
 <f6f23f45-7686-11cf-8f52-0040333594a3>
 array FLOAT matrix[16];
}

template FrameTransformMatrix {
 <f6f23f41-7686-11cf-8f52-0040333594a3>
 Matrix4x4 frameMatrix;
}

template Vector {
 <3d82ab5e-62da-11cf-ab39-0020af71e433>
 FLOAT x;
 FLOAT y;
 FLOAT z;
}

template MeshFace {
 <3d82ab5f-62da-11cf-ab39-0020af71e433>
 DWORD nFaceVertexIndices;
 array DWORD faceVertexIndices[nFaceVertexIndices];
}

template Mesh {
 <3d82ab44-62da-11cf-ab39-0020af71e433>
 DWORD nVertices;
 array Vector vertices[nVertices];
 DWORD nFaces;
 array MeshFace faces[nFaces];
 [...]
}

template MeshNormals {
 <f6f23f43-7686-11cf-8f52-0040333594a3>
 DWORD nNormals;
 array Vector normals[nNormals];
 DWORD nFaceNormals;
 array MeshFace faceNormals[nFaceNormals];
}

template Coords2d {
 <f6f23f44-7686-11cf-8f52-0040333594a3>
 FLOAT u;
 FLOAT v;
}

template MeshTextureCoords {
 <f6f23f40-7686-11cf-8f52-0040333594a3>
 DWORD nTextureCoords;
 array Coords2d textureCoords[nTextureCoords];
}

template ColorRGBA {
 <35ff44e0-6c7c-11cf-8f52-0040333594a3>
 FLOAT red;
 FLOAT green;
 FLOAT blue;
 FLOAT alpha;
}

template ColorRGB {
 <d3e16e81-7835-11cf-8f52-0040333594a3>
 FLOAT red;
 FLOAT green;
 FLOAT blue;
}

template Material {
 <3d82ab4d-62da-11cf-ab39-0020af71e433>
 ColorRGBA faceColor;
 FLOAT power;
 ColorRGB specularColor;
 ColorRGB emissiveColor;
 [...]
}

template MeshMaterialList {
 <f6f23f42-7686-11cf-8f52-0040333594a3>
 DWORD nMaterials;
 DWORD nFaceIndexes;
 array DWORD faceIndexes[nFaceIndexes];
 [Material <3d82ab4d-62da-11cf-ab39-0020af71e433>]
}

template TextureFilename {
 <a42790e1-7810-11cf-8f52-0040333594a3>
 STRING filename;
}

template XSkinMeshHeader {
 <3cf169ce-ff7c-44ab-93c0-f78f62d172e2>
 WORD nMaxSkinWeightsPerVertex;
 WORD nMaxSkinWeightsPerFace;
 WORD nBones;
}

template SkinWeights {
 <6f0d123b-bad2-4167-a0d0-80224f25fabb>
 STRING transformNodeName;
 DWORD nWeights;
 array DWORD vertexIndices[nWeights];
 array FLOAT weights[nWeights];
 Matrix4x4 matrixOffset;
}

template Animation {
 <3d82ab4f-62da-11cf-ab39-0020af71e433>
 [...]
}

template AnimationSet {
 <3d82ab50-62da-11cf-ab39-0020af71e433>
 [Animation <3d82ab4f-62da-11cf-ab39-0020af71e433>]
}

template FloatKeys {
 <10dd46a9-775b-11cf-8f52-0040333594a3>
 DWORD nValues;
 array FLOAT values[nValues];
}

template TimedFloatKeys {
 <f406b180-7b3b-11cf-8f52-0040333594a3>
 DWORD time;
 FloatKeys tfkeys;
}

template AnimationKey {
 <10dd46a8-775b-11cf-8f52-0040333594a3>
 DWORD keyType;
 DWORD nKeys;
 array TimedFloatKeys keys[nKeys];
}


AnimTicksPerSecond {
 4800;
}

Frame Model
{
 FrameTransformMatrix
 {
  1.000000,0.000000,0.000000,0.000000,
  0.000000,1.000000,0.000000,0.000000,
  0.000000,0.000000,1.000000,0.000000,
  0.000000,0.000000,0.000000,1.000000;;
 }

Frame head_accessory {
 

 FrameTransformMatrix {
  -0.350592,-0.147672,-0.815646,0.000000,-0.025753,-0.883235,0.170979,0.000000,-0.828506,0.089944,0.339835,0.000000,-15.340077,-3.578274,113.482176,1.000000;;
 }
}

Frame hair_l {
 

 FrameTransformMatrix {
  -0.294092,-0.052067,-0.954358,0.000000,0.955654,-0.000012,-0.294491,0.000000,0.015322,-0.998644,0.049761,0.000000,-9.127365,0.760946,123.275622,1.000000;;
 }
}

Frame hair_r {
 

 FrameTransformMatrix {
  0.155946,-0.087487,-0.983884,0.000000,0.987671,-0.000006,0.156547,0.000000,-0.013702,-0.996166,0.086408,0.000000,14.035437,-1.088640,121.412262,1.000000;;
 }
}

Frame hair_f {
 

 FrameTransformMatrix {
  -0.081286,-0.657719,-0.748865,0.000000,-0.000000,-0.751351,0.659903,0.000000,-0.996691,0.053641,0.061074,0.000000,1.164265,-5.377413,127.017958,1.000000;;
 }
}

Frame hair_b {
 

 FrameTransformMatrix {
  -0.017419,0.285709,-0.958158,0.000000,-0.000005,-0.958304,-0.285752,0.000000,-0.999848,-0.004972,0.016694,0.000000,2.207224,7.762538,127.837440,1.000000;;
 }
}

Frame BaseBone {
 

 FrameTransformMatrix {
  0.007596,0.086824,0.996195,0.000000,-0.939779,0.341038,-0.022558,0.000000,-0.341699,-0.936031,0.084186,0.000000,0.000000,1.741333,57.059770,1.000000;;
 }

 Frame pelvis {
  

  FrameTransformMatrix {
   0.895141,0.000000,-0.093395,0.000000,-0.093330,-0.033594,-0.894517,0.000000,-0.003486,0.899373,-0.033413,0.000000,2.344185,-0.017144,-1.347496,1.000000;;
  }

  Frame back {
   

   FrameTransformMatrix {
    0.989493,0.144477,0.005396,0.000000,-0.144578,0.988804,0.036926,0.000000,-0.000001,-0.037318,0.999304,0.000000,12.173599,0.000006,-0.000001,1.000000;;
   }

   Frame chest {
    

    FrameTransformMatrix {
     0.701136,-0.702417,-0.122555,0.000000,0.705081,0.708594,-0.027503,0.000000,0.106160,-0.067128,0.992081,0.000000,13.227173,0.000000,-0.000001,1.000000;;
    }

    Frame neck {
     

     FrameTransformMatrix {
      0.964759,0.236628,0.115102,0.000000,-0.240260,0.970531,0.018569,0.000000,-0.107316,-0.045569,0.993180,0.000000,15.806954,-0.000011,0.000000,1.000000;;
     }

     Frame head {
      

      FrameTransformMatrix {
       0.992655,0.079533,-0.091164,0.000000,-0.059074,0.976246,0.208456,0.000000,0.105578,-0.201539,0.973774,0.000000,4.142174,-0.000027,0.000000,1.000000;;
      }
     }
    }

    Frame L_shoulder {
     

     FrameTransformMatrix {
      -0.490906,0.300443,-0.817769,0.000000,0.870223,0.124356,-0.476706,0.000000,-0.041528,-0.945659,-0.322499,0.000000,15.739502,0.174511,-2.755898,1.000000;;
     }

     Frame L_uarm {
      

      FrameTransformMatrix {
       0.870364,-0.421899,0.253905,0.000000,0.350681,0.893072,0.281862,0.000000,-0.345673,-0.156282,0.925249,0.000000,9.701866,0.000000,0.000000,1.000000;;
      }

      Frame L_elbow {
       

       FrameTransformMatrix {
        0.308278,0.263315,0.914128,0.000000,-0.188921,0.958735,-0.212453,0.000000,-0.932348,-0.107203,0.345303,0.000000,18.432739,-0.000008,-0.000004,1.000000;;
       }

       Frame L_wrist {
        

        FrameTransformMatrix {
         0.976950,0.134745,0.165566,0.000000,-0.156644,0.979430,0.127199,0.000000,-0.145021,-0.150202,0.977962,0.000000,23.489923,0.000008,-0.000008,1.000000;;
        }

        Frame L_t1 {
         

         FrameTransformMatrix {
          0.796885,0.600525,-0.065909,0.000000,-0.578785,0.790165,0.201611,0.000000,0.173151,-0.122514,0.977246,0.000000,2.865823,2.489258,0.190207,1.000000;;
         }

         Frame L_t2 {
          

          FrameTransformMatrix {
           0.779369,-0.604888,0.163384,0.000000,0.251197,0.540536,0.802945,0.000000,-0.574007,-0.584749,0.573223,0.000000,4.057488,-0.000046,-0.000006,1.000000;;
          }

          Frame L_t3 {
           

           FrameTransformMatrix {
            0.555490,0.538743,0.633394,0.000000,-0.451474,0.835080,-0.314345,0.000000,-0.698285,-0.111346,0.707107,0.000000,2.680449,0.000004,0.000000,1.000000;;
           }
          }
         }
        }

        Frame L_j1 {
         

         FrameTransformMatrix {
          0.552547,0.127765,0.823631,0.000000,-0.218174,0.975897,-0.005020,0.000000,-0.804420,-0.176922,0.567104,0.000000,8.231332,3.066803,-0.244900,1.000000;;
         }

         Frame L_j2 {
          

          FrameTransformMatrix {
           -0.007891,0.058537,0.998254,0.000000,-0.133364,0.989305,-0.059067,0.000000,-0.991036,-0.133597,0.000000,0.000000,4.200684,-0.000008,0.000000,1.000000;;
          }

          Frame L_j3 {
           

           FrameTransformMatrix {
            0.707001,-0.019799,0.706935,0.000000,0.043526,0.998931,-0.015553,0.000000,-0.705872,0.041766,0.707107,0.000000,2.757942,0.000000,0.000008,1.000000;;
           }
          }
         }
        }

        Frame L_m1 {
         

         FrameTransformMatrix {
          0.451334,0.062533,0.890162,0.000000,-0.126070,0.992005,-0.005767,0.000000,-0.883405,-0.109620,0.455609,0.000000,9.051462,1.030647,-0.305742,1.000000;;
         }

         Frame L_m2 {
          

          FrameTransformMatrix {
           0.017498,0.171579,0.985015,0.000000,0.099936,0.979932,-0.172469,0.000000,-0.994840,0.101457,-0.000000,0.000000,4.301767,0.000000,0.000000,1.000000;;
          }

          Frame L_m3 {
           

           FrameTransformMatrix {
            0.709271,0.025084,0.704489,0.000000,0.025085,0.997836,-0.060785,0.000000,-0.704489,0.060785,0.707107,0.000000,2.893822,0.000000,0.000000,1.000000;;
           }
          }
         }
        }

        Frame L_r1 {
         

         FrameTransformMatrix {
          0.565787,0.063908,0.822071,0.000000,-0.058547,0.997589,-0.037258,0.000000,-0.822470,-0.027050,0.568164,0.000000,9.463584,-1.667694,-0.331869,1.000000;;
         }

         Frame L_r2 {
          

          FrameTransformMatrix {
           -0.000386,-0.001724,0.999998,0.000000,0.218106,0.975923,0.001767,0.000000,-0.975925,0.218106,-0.000000,0.000000,3.761086,-0.000008,0.000000,1.000000;;
          }

          Frame L_r3 {
           

           FrameTransformMatrix {
            0.709243,0.024883,0.704525,0.000000,0.024920,0.997867,-0.060330,0.000000,-0.704524,0.060345,0.707110,0.000000,2.182800,0.000000,0.000002,1.000000;;
           }
          }
         }
        }

        Frame L_p1 {
         

         FrameTransformMatrix {
          0.065649,-0.231125,0.970707,0.000000,0.071426,0.971399,0.226459,0.000000,-0.995283,0.054467,0.080280,0.000000,9.376230,-3.280823,-0.320515,1.000000;;
         }

         Frame L_p2 {
          

          FrameTransformMatrix {
           0.230095,-0.091823,0.968827,0.000000,0.266528,0.963420,0.028011,0.000000,-0.935959,0.251774,0.246152,0.000000,3.451204,-0.000008,0.000004,1.000000;;
          }

          Frame L_p3 {
           

           FrameTransformMatrix {
            0.267998,-0.081970,0.959926,0.000000,-0.081970,0.990821,0.107493,0.000000,-0.959926,-0.107494,0.258819,0.000000,2.202156,0.000023,-0.000002,1.000000;;
           }
          }
         }
        }
       }
      }
     }
    }

    Frame R_shoulder {
     

     FrameTransformMatrix {
      -0.530702,0.234102,0.814587,0.000000,-0.832580,0.035895,-0.552740,0.000000,-0.158637,-0.971550,0.175859,0.000000,15.739509,0.106174,2.432129,1.000000;;
     }

     Frame R_uarm {
      

      FrameTransformMatrix {
       0.784523,0.558069,0.270338,0.000000,-0.530212,0.829768,-0.174241,0.000000,-0.321556,-0.006640,0.946867,0.000000,9.701866,-0.000008,-0.000015,1.000000;;
      }

      Frame R_elbow {
       

       FrameTransformMatrix {
        0.159221,-0.294560,0.942276,0.000000,-0.162852,0.933540,0.319347,0.000000,-0.973719,-0.204298,0.100669,0.000000,17.077088,0.000000,0.000008,1.000000;;
       }

       Frame R_wrist {
        

        FrameTransformMatrix {
         0.986090,-0.023102,0.164600,0.000000,0.150411,0.545465,-0.824527,0.000000,-0.070735,0.837815,0.541352,0.000000,22.921456,0.000008,-0.000008,1.000000;;
        }

        Frame R_t1 {
         

         FrameTransformMatrix {
          0.820570,-0.568705,0.056909,0.000000,0.559824,0.779686,-0.280512,0.000000,0.115158,0.262039,0.958162,0.000000,3.777049,-2.437279,0.026321,1.000000;;
         }

         Frame R_t2 {
          

          FrameTransformMatrix {
           0.753421,0.509607,0.415521,0.000000,-0.310982,0.832954,-0.457687,0.000000,-0.579351,0.215612,0.786044,0.000000,4.057495,0.000031,-0.000011,1.000000;;
          }

          Frame R_t3 {
           

           FrameTransformMatrix {
            0.526248,-0.527362,0.667048,0.000000,0.558863,0.805737,0.196109,0.000000,-0.640886,0.269587,0.718740,0.000000,2.680435,0.000000,0.000015,1.000000;;
           }
          }
         }
        }

        Frame R_j1 {
         

         FrameTransformMatrix {
          0.567951,-0.139417,0.811169,0.000000,0.312996,0.948090,-0.056198,0.000000,-0.761226,0.285811,0.582106,0.000000,9.406854,-2.996979,-0.570057,1.000000;;
         }

         Frame R_j2 {
          

          FrameTransformMatrix {
           0.002008,-0.121544,0.992584,0.000000,0.230854,0.965831,0.117801,0.000000,-0.972986,0.228906,0.029999,0.000000,3.851427,0.000000,-0.000008,1.000000;;
          }

          Frame R_j3 {
           

           FrameTransformMatrix {
            0.707132,-0.082148,0.702294,0.000000,0.076789,0.996276,0.039217,0.000000,-0.702900,0.026197,0.710806,0.000000,3.106789,-0.000008,0.000008,1.000000;;
           }
          }
         }
        }

        Frame R_m1 {
         

         FrameTransformMatrix {
          0.484688,-0.050372,0.873236,0.000000,0.215938,0.974330,-0.063652,0.000000,-0.847613,0.219416,0.483123,0.000000,10.076350,-0.968590,-0.637954,1.000000;;
         }

         Frame R_m2 {
          

          FrameTransformMatrix {
           -0.006876,-0.098394,0.995124,0.000000,0.196541,0.975604,0.097822,0.000000,-0.980471,0.196255,0.012630,0.000000,4.301772,0.000000,-0.000010,1.000000;;
          }

          Frame R_m3 {
           

           FrameTransformMatrix {
            0.708683,-0.100349,0.698354,0.000000,0.057763,0.994763,0.084324,0.000000,-0.703158,-0.019420,0.710768,0.000000,2.893807,0.000008,0.000002,1.000000;;
           }
          }
         }
        }

        Frame R_r1 {
         

         FrameTransformMatrix {
          0.600866,-0.051264,0.797704,0.000000,0.140138,0.989242,-0.041985,0.000000,-0.786969,0.137016,0.601586,0.000000,10.517363,1.731682,-0.680722,1.000000;;
         }

         Frame R_r2 {
          

          FrameTransformMatrix {
           0.001958,-0.093337,0.995632,0.000000,-0.097225,0.990900,0.093084,0.000000,-0.995260,-0.096983,-0.007135,0.000000,3.761089,0.000000,-0.000006,1.000000;;
          }

          Frame R_r3 {
           

           FrameTransformMatrix {
            0.707159,-0.074161,0.703155,0.000000,0.081923,0.996380,0.022697,0.000000,-0.702292,0.041554,0.710675,0.000000,2.182795,-0.000015,0.000007,1.000000;;
           }
          }
         }
        }

        Frame R_p1 {
         

         FrameTransformMatrix {
          0.143300,0.081162,0.986346,0.000000,-0.138338,0.988490,-0.061240,0.000000,-0.979963,-0.127674,0.152879,0.000000,10.301036,3.337692,-0.655510,1.000000;;
         }

         Frame R_p2 {
          

          FrameTransformMatrix {
           0.224491,0.079603,0.971219,0.000000,-0.095590,0.993650,-0.059347,0.000000,-0.969776,-0.079516,0.230675,0.000000,3.451205,-0.000008,-0.000002,1.000000;;
          }

          Frame R_p3 {
           

           FrameTransformMatrix {
            0.707447,-0.058250,0.704362,0.000000,0.078128,0.996936,0.003976,0.000000,-0.702435,0.052217,0.709830,0.000000,2.202154,-0.000015,0.000000,1.000000;;
           }
          }
         }
        }
       }
      }
     }
    }

    Frame mant_B_1 {
     

     FrameTransformMatrix {
      -0.880140,0.474174,-0.022649,0.000000,-0.466288,-0.872483,-0.146113,0.000000,-0.089044,-0.118039,0.989009,0.000000,17.453475,8.727692,0.114982,1.000000;;
     }

     Frame mant_B_2 {
      

      FrameTransformMatrix {
       0.818545,0.574441,-0.000000,0.000000,-0.574441,0.818545,0.000000,0.000000,0.000000,-0.000000,1.000000,0.000000,6.228996,-0.000122,-0.000000,1.000000;;
      }

      Frame mant_B_3 {
       

       FrameTransformMatrix {
        0.999998,-0.002002,0.000000,0.000000,0.002002,0.999998,0.000000,0.000000,-0.000000,-0.000000,1.000000,0.000000,7.247215,-0.000004,-0.000001,1.000000;;
       }

       Frame mant_B_4 {
        

        FrameTransformMatrix {
         0.992154,0.125019,-0.000001,0.000000,-0.125019,0.992154,0.000000,0.000000,0.000001,0.000000,1.000000,0.000000,9.520317,0.000011,0.000000,1.000000;;
        }

        Frame mant_B_5 {
         

         FrameTransformMatrix {
          0.944521,-0.328450,-0.000000,0.000000,0.328450,0.944521,0.000000,0.000000,0.000000,0.000000,1.000000,0.000000,11.987167,-0.000076,0.000000,1.000000;;
         }

         Frame mant_B_6 {
          

          FrameTransformMatrix {
           0.965046,0.262082,-0.000000,0.000000,-0.262082,0.965046,0.000000,0.000000,0.000000,-0.000000,1.000000,0.000000,20.758686,-0.000034,-0.000001,1.000000;;
          }

          Frame mant_B_end {
           

           FrameTransformMatrix {
            0.500000,0.866025,-0.000000,0.000000,-0.866025,0.500000,0.000000,0.000000,0.000000,0.000000,1.000000,0.000000,30.402013,-0.000053,0.000000,1.000000;;
           }
          }
         }
        }
       }
      }
     }
    }

    Frame mant_F_1 {
     

     FrameTransformMatrix {
      -0.541766,-0.827480,-0.147538,0.000000,0.835799,-0.548949,0.009733,0.000000,-0.089044,-0.118039,0.989009,0.000000,13.860664,-8.981617,-0.799484,1.000000;;
     }

     Frame mant_F_2 {
      

      FrameTransformMatrix {
       0.971979,-0.235068,-0.000000,0.000000,0.235068,0.971979,-0.000000,0.000000,0.000000,-0.000000,1.000000,0.000000,5.437614,0.000004,-0.000001,1.000000;;
      }

      Frame mant_F_3 {
       

       FrameTransformMatrix {
        0.990977,-0.116907,-0.065567,0.000000,0.115345,0.992956,-0.027128,0.000000,0.068277,0.019321,0.997479,0.000000,6.059578,0.000088,-0.000000,1.000000;;
       }

       Frame mant_F_4 {
        

        FrameTransformMatrix {
         0.988677,0.149931,-0.006211,0.000000,-0.149933,0.988696,0.000224,0.000000,0.006174,0.000710,0.999981,0.000000,7.429085,0.000000,0.000000,1.000000;;
        }

        Frame mant_F_5 {
         

         FrameTransformMatrix {
          0.972105,-0.234548,0.000000,0.000000,0.234548,0.972105,-0.000000,0.000000,0.000000,0.000000,1.000000,0.000000,8.388054,0.000000,0.000000,1.000000;;
         }

         Frame mant_F_end {
          

          FrameTransformMatrix {
           1.000000,0.000000,0.000000,0.000000,-0.000000,1.000000,0.000000,0.000000,0.000000,-0.000000,1.000000,0.000000,12.349907,-0.000015,0.000000,1.000000;;
          }
         }
        }
       }
      }
     }
    }
   }
  }
 }

 Frame L_hip28mirrored29 {
  

  FrameTransformMatrix {
   -0.953223,0.301712,-0.018279,0.000000,-0.229446,-0.682888,0.693555,0.000000,0.196771,0.665307,0.720172,0.000000,-2.468838,9.306650,-3.904958,1.000000;;
  }

  Frame L_knee28mirrored29 {
   

   FrameTransformMatrix {
    0.759542,-0.543872,-0.356789,0.000000,0.600837,0.796763,0.064531,0.000000,0.249180,-0.263386,0.931953,0.000000,19.616829,-0.000011,-0.000007,1.000000;;
   }

   Frame L_ankle28mirrored29 {
    

    FrameTransformMatrix {
     -0.268080,0.954830,0.128192,0.000000,0.961632,0.273260,-0.024363,0.000000,-0.058292,0.116742,-0.991450,0.000000,28.525664,-0.000040,0.000008,1.000000;;
    }

    Frame L_ball28mirrored29 {
     

     FrameTransformMatrix {
      0.779036,-0.626386,-0.027278,0.000000,0.621907,0.777525,-0.093213,0.000000,0.079597,0.055652,0.995272,0.000000,15.194832,0.000002,0.000015,1.000000;;
     }

     Frame L_toe28mirrored29 {
      

      FrameTransformMatrix {
       0.974077,-0.222872,-0.038744,0.000000,0.225823,0.968096,0.108598,0.000000,0.013304,-0.114532,0.993331,0.000000,13.416261,0.030085,0.015009,1.000000;;
      }
     }
    }
   }
  }
 }

 Frame L_hip {
  

  FrameTransformMatrix {
   -0.684932,-0.329388,0.482050,0.000000,-0.390170,-0.294550,-0.755651,0.000000,0.434322,-0.784056,0.081366,0.000000,-2.468826,-10.025153,-3.904954,1.000000;;
  }

  Frame L_knee {
   

   FrameTransformMatrix {
    0.365497,0.750356,-0.550798,0.000000,-0.912263,0.406312,-0.051834,0.000000,0.184902,0.521417,0.833028,0.000000,21.796472,0.000013,-0.000004,1.000000;;
   }

   Frame L_ankle {
    

    FrameTransformMatrix {
     -0.014106,-0.997901,0.063204,0.000000,0.991627,-0.022076,-0.127236,0.000000,0.128364,0.060880,0.989857,0.000000,31.695165,0.000035,0.000002,1.000000;;
    }

    Frame L_ball {
     

     FrameTransformMatrix {
      0.781719,-0.620851,-0.058820,0.000000,0.623531,0.779796,0.055918,0.000000,0.011151,-0.080388,0.996701,0.000000,16.889237,-0.000006,0.000011,1.000000;;
     }

     Frame L_toe {
      

      FrameTransformMatrix {
       0.978417,-0.206345,0.011069,0.000000,0.206540,0.978213,-0.021001,0.000000,-0.006494,0.022834,0.999719,0.000000,14.906965,-0.033432,0.016682,1.000000;;
      }
     }
    }
   }
  }
 }
}

Frame Model2DNeru2Dhair {
 

 FrameTransformMatrix {
  1.083280,0.000000,0.000000,0.000000,0.000000,1.083280,0.000000,0.000000,0.000000,0.000000,1.083280,0.000000,0.006822,0.319000,0.254000,1.000000;;
 }

 Mesh {
  1961;
  1.423266;-14.322330;115.432282;,
  1.419669;-13.253782;115.243507;,
  1.638003;-14.114355;112.914317;,
  1.175490;-13.895267;115.805389;,
  1.638003;-14.114355;112.914317;,
  2.075452;-12.714877;115.189517;,
  2.600662;-13.573230;115.117760;,
  1.419669;-13.253782;115.243507;,
  2.478803;-13.272486;119.759181;,
  2.493683;-14.229355;116.231654;,
  3.084790;-12.804546;119.404813;,
  2.015154;-14.372792;115.873459;,
  2.015154;-14.372792;115.873459;,
  2.478803;-13.272486;119.759181;,
  1.255744;-13.557712;119.869875;,
  1.423266;-14.322330;115.432282;,
  1.175490;-13.895267;115.805389;,
  1.255744;-13.557712;119.869875;,
  -0.081204;-13.319131;119.293619;,
  1.423266;-14.322330;115.432282;,
  1.175490;-13.895267;115.805389;,
  0.184492;-11.697107;117.256461;,
  1.419669;-13.253782;115.243507;,
  -0.081204;-13.319131;119.293619;,
  2.075452;-12.714877;115.189517;,
  0.184492;-11.697107;117.256461;,
  1.479878;-10.906988;116.784794;,
  1.479878;-10.906988;116.784794;,
  2.600662;-13.573230;115.117760;,
  2.075452;-12.714877;115.189517;,
  3.468230;-11.373851;117.901376;,
  3.468230;-11.373851;117.901376;,
  2.704725;-14.188613;115.529651;,
  2.600662;-13.573230;115.117760;,
  3.601608;-12.405464;119.102566;,
  1.794248;-9.279601;118.020685;,
  1.479878;-10.906988;116.784794;,
  3.278208;-8.274723;119.302912;,
  -0.183236;-8.684125;118.966566;,
  1.479878;-10.906988;116.784794;,
  1.794248;-9.279601;118.020685;,
  -0.081204;-13.319131;119.293619;,
  -0.721164;-10.364510;121.436774;,
  -0.183236;-8.684125;118.966566;,
  -0.721164;-10.364510;121.436774;,
  0.724911;-11.067046;121.853453;,
  0.724911;-11.067046;121.853453;,
  2.041434;-10.130494;121.731686;,
  1.255744;-13.557712;119.869875;,
  2.041434;-10.130494;121.731686;,
  3.084790;-12.804546;119.404813;,
  2.781811;-9.981470;121.419379;,
  3.468230;-11.373851;117.901376;,
  3.472875;-9.842373;121.127859;,
  3.601608;-12.405464;119.102566;,
  3.278208;-8.274723;119.302912;,
  -0.408291;-7.936121;121.661709;,
  0.883911;-8.037982;122.055885;,
  0.883911;-8.037982;122.055885;,
  1.435295;-7.932014;121.679488;,
  1.909684;-8.144178;121.532262;,
  1.435295;-7.932014;121.679488;,
  2.781811;-9.981470;121.419379;,
  3.538771;-9.336413;122.412109;,
  2.335521;-7.475690;121.492070;,
  2.279806;-8.309710;121.417370;,
  3.472875;-9.842373;121.127859;,
  3.538771;-9.336413;122.412109;,
  3.361200;-7.241382;122.166272;,
  2.335521;-7.475690;121.492070;,
  4.867722;-8.348971;123.190374;,
  4.867722;-8.348971;123.190374;,
  5.109925;-6.532705;123.666611;,
  3.361200;-7.241382;122.166272;,
  6.289631;-6.220428;122.928499;,
  6.545821;-4.988646;122.785344;,
  6.289631;-6.220428;122.928499;,
  7.370248;-4.950776;123.033626;,
  5.109925;-6.532705;123.666611;,
  7.370248;-4.950776;123.033626;,
  6.817201;-4.745785;121.026624;,
  6.545821;-4.988646;122.785344;,
  5.743880;-5.076507;121.225894;,
  -2.112537;-9.391149;123.151603;,
  -0.408291;-7.936121;121.661709;,
  -0.984876;-7.796724;122.579187;,
  -0.721164;-10.364510;121.436774;,
  -1.217195;-7.689807;123.735194;,
  -2.781652;-8.567965;124.709658;,
  -2.112537;-9.391149;123.151603;,
  -0.984876;-7.796724;122.579187;,
  -2.781652;-8.567965;124.709658;,
  -2.489812;-6.797082;124.768026;,
  -3.476106;-7.214462;125.264730;,
  -1.217195;-7.689807;123.735194;,
  -3.476106;-7.214462;125.264730;,
  -3.865894;-5.629882;124.814259;,
  -4.420049;-6.087544;125.231130;,
  -2.489812;-6.797082;124.768026;,
  -4.420049;-6.087544;125.231130;,
  -4.419166;-4.969614;124.539930;,
  -5.008460;-5.325843;124.798413;,
  -3.865894;-5.629882;124.814259;,
  -4.419166;-4.969614;124.539930;,
  -5.807082;-4.330033;125.355622;,
  -5.008460;-5.325843;124.798413;,
  -5.664854;-3.637204;125.587149;,
  -6.174204;-5.555300;124.534861;,
  -5.807082;-4.330033;125.355622;,
  -7.045090;-4.182639;125.148646;,
  -5.008460;-5.325843;124.798413;,
  -5.008460;-5.325843;124.798413;,
  -6.174204;-5.555300;124.534861;,
  -6.150699;-6.317605;125.081984;,
  -6.174204;-5.555300;124.534861;,
  -7.551753;-4.077230;123.563699;,
  -6.998825;-5.094313;123.142195;,
  -7.045090;-4.182639;125.148646;,
  -6.630171;-3.660871;121.981914;,
  -6.998825;-5.094313;123.142195;,
  -7.551753;-4.077230;123.563699;,
  -6.352690;-5.156918;121.826765;,
  -5.568452;-3.958530;121.126758;,
  -6.630171;-3.660871;121.981914;,
  -7.113048;-0.953057;121.397811;,
  -6.352690;-5.156918;121.826765;,
  0.883911;-8.037982;122.055885;,
  -0.984876;-7.796724;122.579187;,
  -0.408291;-7.936121;121.661709;,
  0.754812;-8.059893;123.376371;,
  1.742353;-7.570486;122.972032;,
  0.883911;-8.037982;122.055885;,
  1.435295;-7.932014;121.679488;,
  0.754812;-8.059893;123.376371;,
  1.742353;-7.570486;122.972032;,
  1.435295;-7.932014;121.679488;,
  2.083201;-7.516014;122.121613;,
  1.909684;-8.144178;121.532262;,
  2.314818;-6.592789;122.779878;,
  2.083201;-7.516014;122.121613;,
  2.874213;-6.939525;122.451840;,
  1.742353;-7.570486;122.972032;,
  1.566843;-7.699002;124.179930;,
  0.754812;-8.059893;123.376371;,
  1.742353;-7.570486;122.972032;,
  2.314818;-6.592789;122.779878;,
  0.771044;-7.857668;124.529549;,
  -0.279509;-7.961955;124.221568;,
  1.566843;-7.699002;124.179930;,
  -0.984876;-7.796724;122.579187;,
  -0.279509;-7.961955;124.221568;,
  -1.217195;-7.689807;123.735194;,
  4.551201;-6.059394;123.938061;,
  3.326947;-6.627220;122.988774;,
  3.634106;-7.023601;122.674074;,
  4.081050;-5.661113;124.166477;,
  4.081050;-5.661113;124.166477;,
  2.873375;-6.138353;123.319539;,
  3.326947;-6.627220;122.988774;,
  3.557114;-4.929515;123.598835;,
  3.557114;-4.929515;123.598835;,
  4.708963;-5.169508;124.744640;,
  3.991056;-3.718190;122.548877;,
  4.708963;-5.169508;124.744640;,
  4.551201;-6.059394;123.938061;,
  5.193158;-5.579295;124.645248;,
  6.628254;-4.574732;123.663539;,
  5.109925;-6.532705;123.666611;,
  6.545821;-4.988646;122.785344;,
  5.651313;-5.967044;124.551206;,
  5.743880;-5.076507;121.225894;,
  6.235704;-4.069467;122.687565;,
  6.545821;-4.988646;122.785344;,
  6.628254;-4.574732;123.663539;,
  2.314818;-6.592789;122.779878;,
  2.047312;-6.799355;124.344486;,
  2.873375;-6.138353;123.319539;,
  2.047312;-6.799355;124.344486;,
  0.746224;-7.632193;125.179955;,
  0.771044;-7.857668;124.529549;,
  -0.279509;-7.961955;124.221568;,
  0.771044;-7.857668;124.529549;,
  -0.278970;-7.706486;125.177331;,
  0.746224;-7.632193;125.179955;,
  -1.217195;-7.689807;123.735194;,
  -1.394523;-7.618978;124.777075;,
  -0.278970;-7.706486;125.177331;,
  -1.394523;-7.618978;124.777075;,
  -2.489812;-6.797082;124.768026;,
  -1.217195;-7.689807;123.735194;,
  -2.087484;-7.166624;125.664845;,
  -1.394523;-7.618978;124.777075;,
  -0.884902;-7.241603;126.320128;,
  -2.087484;-7.166624;125.664845;,
  -0.278970;-7.706486;125.177331;,
  0.743432;-6.963868;126.244339;,
  -0.884902;-7.241603;126.320128;,
  0.746224;-7.632193;125.179955;,
  2.719218;-5.931590;125.215718;,
  2.047312;-6.799355;124.344486;,
  0.743432;-6.963868;126.244339;,
  2.719218;-5.931590;125.215718;,
  2.873375;-6.138353;123.319539;,
  3.557114;-4.929515;123.598835;,
  2.047312;-6.799355;124.344486;,
  3.760631;-4.444308;126.542656;,
  3.557114;-4.929515;123.598835;,
  3.991056;-3.718190;122.548877;,
  2.719218;-5.931590;125.215718;,
  2.719218;-5.931590;125.215718;,
  0.071481;-5.149978;127.298266;,
  3.760631;-4.444308;126.542656;,
  0.071481;-5.149978;127.298266;,
  -2.035025;-5.914587;127.919283;,
  0.743432;-6.963868;126.244339;,
  -2.087484;-7.166624;125.664845;,
  -2.035025;-5.914587;127.919283;,
  -3.229231;-6.259311;126.374515;,
  -3.229231;-6.259311;126.374515;,
  -2.489812;-6.797082;124.768026;,
  -3.865894;-5.629882;124.814259;,
  3.991056;-3.718190;122.548877;,
  5.677826;-4.003502;125.561818;,
  5.927725;-2.259383;124.180544;,
  6.025610;-4.356068;125.701107;,
  5.193158;-5.579295;124.645248;,
  5.677826;-4.003502;125.561818;,
  7.211494;-3.816479;124.694528;,
  5.651313;-5.967044;124.551206;,
  6.468906;-4.805460;125.878618;,
  6.782337;-2.769458;124.148314;,
  6.235704;-4.069467;122.687565;,
  7.211494;-3.816479;124.694528;,
  6.511378;-8.672034;123.653261;,
  7.240294;-6.414437;122.835661;,
  5.147264;-10.016474;122.532403;,
  6.511378;-8.672034;123.653261;,
  3.472875;-9.842373;121.127859;,
  5.147264;-10.016474;122.532403;,
  4.504052;-10.797734;120.593318;,
  7.005727;-11.457045;119.454374;,
  4.504052;-10.797734;120.593318;,
  8.653190;-10.924400;120.995482;,
  8.653190;-10.924400;120.995482;,
  9.514489;-9.072865;122.507072;,
  7.240294;-6.414437;122.835661;,
  9.514489;-9.072865;122.507072;,
  10.340318;-6.936573;121.796019;,
  8.783657;-4.995962;122.531686;,
  8.783657;-4.995962;122.531686;,
  6.817201;-4.745785;121.026624;,
  7.961439;-4.955326;119.609370;,
  10.673465;-5.707700;121.419584;,
  10.340318;-6.936573;121.796019;,
  10.673465;-5.707700;121.419584;,
  7.961439;-4.955326;119.609370;,
  10.355265;-5.873263;117.321280;,
  -3.865894;-5.629882;124.814259;,
  -4.524820;-5.207173;126.671962;,
  -4.419166;-4.969614;124.539930;,
  -2.846421;-4.681943;128.765427;,
  -4.524820;-5.207173;126.671962;,
  -0.534934;-3.295129;128.467290;,
  -2.846421;-4.681943;128.765427;,
  -0.534934;-3.295129;128.467290;,
  4.294095;-3.225754;127.243315;,
  4.542636;-1.561220;122.752934;,
  4.294095;-3.225754;127.243315;,
  3.991056;-3.718190;122.548877;,
  -5.664854;-3.637204;125.587149;,
  -4.419166;-4.969614;124.539930;,
  -5.739122;-3.690596;127.026547;,
  -3.710438;-2.908874;129.682010;,
  -5.739122;-3.690596;127.026547;,
  -3.710438;-2.908874;129.682010;,
  -0.545088;-1.686923;129.303693;,
  -0.545088;-1.686923;129.303693;,
  4.665018;-1.565521;128.596902;,
  5.007881;-0.576489;124.034765;,
  4.665018;-1.565521;128.596902;,
  4.542636;-1.561220;122.752934;,
  5.927725;-2.259383;124.180544;,
  6.235704;-4.069467;122.687565;,
  3.991056;-3.718190;122.548877;,
  6.782337;-2.769458;124.148314;,
  5.743880;-5.076507;121.225894;,
  3.991056;-3.718190;122.548877;,
  5.756730;-3.157305;121.948301;,
  4.542636;-1.561220;122.752934;,
  5.756730;-3.157305;121.948301;,
  6.412781;-1.320805;122.115290;,
  3.991056;-3.718190;122.548877;,
  5.927725;-2.259383;124.180544;,
  7.578299;-1.216736;126.031206;,
  7.195641;-0.711018;126.303642;,
  5.677826;-4.003502;125.561818;,
  7.105118;-1.842674;126.838285;,
  5.927725;-2.259383;124.180544;,
  7.195641;-0.711018;126.303642;,
  6.025610;-4.356068;125.701107;,
  7.344372;-2.062552;127.434995;,
  7.105118;-1.842674;126.838285;,
  7.927713;-2.115664;126.682778;,
  6.468906;-4.805460;125.878618;,
  7.560992;-2.261630;127.975232;,
  6.782337;-2.769458;124.148314;,
  7.927713;-2.115664;126.682778;,
  7.578299;-1.216736;126.031206;,
  7.344372;-2.062552;127.434995;,
  7.606897;-0.871199;128.037491;,
  7.105118;-1.842674;126.838285;,
  7.758345;-0.876053;128.324019;,
  8.127678;-0.660038;127.883840;,
  7.560992;-2.261630;127.975232;,
  7.937167;-0.881784;128.662310;,
  8.127678;-0.660038;127.883840;,
  8.103255;-0.223936;127.913306;,
  7.195641;-0.711018;126.303642;,
  7.701830;-0.319830;127.875110;,
  8.103255;-0.223936;127.913306;,
  7.701830;-0.319830;127.875110;,
  7.195641;-0.711018;126.303642;,
  7.606897;-0.871199;128.037491;,
  7.105118;-1.842674;126.838285;,
  8.103255;-0.223936;127.913306;,
  7.937167;-0.881784;128.662310;,
  8.127678;-0.660038;127.883840;,
  8.035040;-0.177788;129.367987;,
  7.758345;-0.876053;128.324019;,
  7.821532;-0.295725;128.612262;,
  7.701830;-0.319830;127.875110;,
  7.606897;-0.871199;128.037491;,
  -2.993994;-11.051566;120.100493;,
  -3.085770;-11.615518;121.732442;,
  -0.183236;-8.684125;118.966566;,
  -3.839789;-10.358002;123.502707;,
  -3.085770;-11.615518;121.732442;,
  -0.721164;-10.364510;121.436774;,
  -4.763500;-9.488782;124.798682;,
  -3.839789;-10.358002;123.502707;,
  -5.675957;-7.351184;125.677965;,
  -4.763500;-9.488782;124.798682;,
  -6.150699;-6.317605;125.081984;,
  -5.675957;-7.351184;125.677965;,
  -0.183236;-8.684125;118.966566;,
  -2.993994;-11.051566;120.100493;,
  -1.089774;-8.427050;118.138995;,
  -4.445227;-8.061428;118.330547;,
  1.794248;-9.279601;118.020685;,
  -0.183236;-8.684125;118.966566;,
  -0.169037;-10.587166;116.944627;,
  -1.089774;-8.427050;118.138995;,
  -4.924117;-8.995591;116.407987;,
  -1.089774;-8.427050;118.138995;,
  -4.445227;-8.061428;118.330547;,
  -0.169037;-10.587166;116.944627;,
  -7.825187;-10.397823;119.769984;,
  -4.445227;-8.061428;118.330547;,
  -7.143169;-6.782742;117.645901;,
  -7.344654;-11.594612;121.466522;,
  -7.825187;-10.397823;119.769984;,
  -7.230655;-10.698368;122.696461;,
  -7.344654;-11.594612;121.466522;,
  -7.536770;-9.640146;123.848461;,
  -7.230655;-10.698368;122.696461;,
  -7.791515;-7.340726;124.118221;,
  -7.536770;-9.640146;123.848461;,
  -7.912642;-6.434422;124.039040;,
  -7.791515;-7.340726;124.118221;,
  -7.912642;-6.434422;124.039040;,
  -6.174204;-5.555300;124.534861;,
  -6.998825;-5.094313;123.142195;,
  -5.591844;-5.329611;119.968243;,
  -10.017831;-4.948562;119.931942;,
  -6.352690;-5.156918;121.826765;,
  -5.568452;-3.958530;121.126758;,
  -6.352690;-5.156918;121.826765;,
  -10.017831;-4.948562;119.931942;,
  -10.642851;-4.929015;121.083059;,
  -6.998825;-5.094313;123.142195;,
  -10.642851;-4.929015;121.083059;,
  -7.912642;-6.434422;124.039040;,
  -6.998825;-5.094313;123.142195;,
  -10.618857;-5.693002;121.574746;,
  -10.920115;-6.489198;121.517158;,
  -10.618857;-5.693002;121.574746;,
  -11.302073;-7.632019;121.099456;,
  -10.920115;-6.489198;121.517158;,
  -11.302073;-7.632019;121.099456;,
  -11.068764;-8.120221;120.359539;,
  -11.068764;-8.120221;120.359539;,
  -10.829066;-8.003295;119.570112;,
  -10.829066;-8.003295;119.570112;,
  -10.845032;-7.692851;118.954022;,
  -10.845032;-7.692851;118.954022;,
  -7.143169;-6.782742;117.645901;,
  -10.443084;-5.949700;118.169843;,
  -12.665649;-4.926781;117.653235;,
  -10.443084;-5.949700;118.169843;,
  -12.196039;-5.826703;118.133581;,
  -12.994095;-5.914432;118.172902;,
  -12.196039;-5.826703;118.133581;,
  -12.994095;-5.914432;118.172902;,
  -12.706746;-6.266100;119.007334;,
  -12.706746;-6.266100;119.007334;,
  -13.499869;-5.419133;118.566541;,
  -12.999256;-5.434878;119.552832;,
  -13.499869;-5.419133;118.566541;,
  -10.618857;-5.693002;121.574746;,
  -12.999256;-5.434878;119.552832;,
  -13.454877;-4.309032;119.117594;,
  -12.894999;-4.149255;119.325325;,
  -10.642851;-4.929015;121.083059;,
  -13.454877;-4.309032;119.117594;,
  -10.017831;-4.948562;119.931942;,
  -12.894999;-4.149255;119.325325;,
  -13.066319;-4.085015;118.415629;,
  -13.454877;-4.309032;119.117594;,
  -13.499869;-5.419133;118.566541;,
  -12.999256;-5.434878;119.552832;,
  -14.676888;-4.509021;116.660915;,
  -13.499869;-5.419133;118.566541;,
  -12.994095;-5.914432;118.172902;,
  -12.706746;-6.266100;119.007334;,
  -14.676888;-4.509021;116.660915;,
  -12.196039;-5.826703;118.133581;,
  -12.994095;-5.914432;118.172902;,
  -12.665649;-4.926781;117.653235;,
  -7.804145;-5.264207;118.356698;,
  -11.341384;-4.695965;118.216358;,
  -12.665649;-4.926781;117.653235;,
  -11.341384;-4.695965;118.216358;,
  -12.024367;-4.392354;118.483635;,
  -5.591844;-5.329611;119.968243;,
  -7.804145;-5.264207;118.356698;,
  -11.341384;-4.695965;118.216358;,
  -12.024367;-4.392354;118.483635;,
  -11.341384;-4.695965;118.216358;,
  -13.066319;-4.085015;118.415629;,
  -13.066319;-4.085015;118.415629;,
  -12.894999;-4.149255;119.325325;,
  -14.676888;-4.509021;116.660915;,
  -12.665649;-4.926781;117.653235;,
  -13.066319;-4.085015;118.415629;,
  -12.024367;-4.392354;118.483635;,
  -7.113048;-0.953057;121.397811;,
  -7.734604;-2.221443;122.419597;,
  -9.093707;0.035397;121.994074;,
  -8.732640;-1.712686;123.038822;,
  -7.734604;-2.221443;122.419597;,
  -9.059414;-1.635923;123.915302;,
  -8.732640;-1.712686;123.038822;,
  -7.564130;-1.110403;123.853530;,
  -9.059414;-1.635923;123.915302;,
  -5.594792;-1.953992;124.229875;,
  -7.564130;-1.110403;123.853530;,
  -5.664854;-3.637204;125.587149;,
  -8.008762;-0.444097;122.474752;,
  -5.594792;-1.953992;124.229875;,
  -3.793313;-1.920667;122.643302;,
  -9.059414;-1.635923;123.915302;,
  -7.564130;-1.110403;123.853530;,
  -11.081012;0.595548;123.038195;,
  -9.093707;0.035397;121.994074;,
  -7.734604;-2.221443;122.419597;,
  -8.732640;-1.712686;123.038822;,
  -11.081012;0.595548;123.038195;,
  -11.081012;0.595548;123.038195;,
  -9.093707;0.035397;121.994074;,
  -8.008762;-0.444097;122.474752;,
  -3.793313;-1.920667;122.643302;,
  -7.113048;-0.953057;121.397811;,
  -8.008762;-0.444097;122.474752;,
  -9.093707;0.035397;121.994074;,
  -6.674872;-2.053275;127.067226;,
  -5.664854;-3.637204;125.587149;,
  -5.594792;-1.953992;124.229875;,
  -4.469492;-1.522020;130.251379;,
  -6.674872;-2.053275;127.067226;,
  -4.469492;-1.522020;130.251379;,
  -0.463456;0.094275;130.084070;,
  -0.463456;0.094275;130.084070;,
  4.658199;1.262358;129.635392;,
  5.306253;2.725739;125.449306;,
  4.658199;1.262358;129.635392;,
  5.007881;-0.576489;124.034765;,
  -7.187146;0.263405;126.122010;,
  -5.594792;-1.953992;124.229875;,
  -7.161094;0.516187;128.214029;,
  -5.417621;1.312158;131.111693;,
  -7.161094;0.516187;128.214029;,
  -5.417621;1.312158;131.111693;,
  -0.265918;2.229115;130.657382;,
  -0.265918;2.229115;130.657382;,
  4.496821;3.104316;129.776179;,
  5.306253;2.725739;125.449306;,
  4.496821;3.104316;129.776179;,
  4.925670;4.206145;125.443891;,
  -6.955556;3.625568;128.705318;,
  -7.187146;0.263405;126.122010;,
  -4.309151;4.804388;124.342912;,
  -5.645445;3.546004;131.241370;,
  -6.955556;3.625568;128.705318;,
  -5.645445;3.546004;131.241370;,
  -0.468063;4.633021;130.839040;,
  -0.468063;4.633021;130.839040;,
  3.542681;5.955544;129.717056;,
  4.925670;4.206145;125.443891;,
  3.542681;5.955544;129.717056;,
  4.051909;6.841546;126.326387;,
  1.368093;10.160690;129.635238;,
  4.051909;6.841546;126.326387;,
  2.132231;10.530399;127.244160;,
  -1.376386;8.995596;130.263808;,
  1.368093;10.160690;129.635238;,
  -5.136150;8.118279;130.316122;,
  -1.376386;8.995596;130.263808;,
  -5.136150;8.118279;130.316122;,
  -5.675785;8.002182;128.643661;,
  -5.675785;8.002182;128.643661;,
  -4.309151;4.804388;124.342912;,
  -4.231051;8.216580;124.784115;,
  4.730452;3.084201;124.329536;,
  4.246248;4.615540;124.719270;,
  4.246248;4.615540;124.719270;,
  2.563837;7.537698;124.903386;,
  2.132231;10.530399;127.244160;,
  0.511851;9.264270;125.014400;,
  2.563837;7.537698;124.903386;,
