xof 0303txt 0032
template AnimTicksPerSecond {
 <9e415a43-7ba6-4a73-8743-b73d47e88476>
 DWORD AnimTicksPerSecond;
}

template Frame {
 <3d82ab46-62da-11cf-ab39-0020af71e433>
 [...]
}

template Matrix4x4 {
 <f6f23f45-7686-11cf-8f52-0040333594a3>
 array FLOAT matrix[16];
}

template FrameTransformMatrix {
 <f6f23f41-7686-11cf-8f52-0040333594a3>
 Matrix4x4 frameMatrix;
}

template Vector {
 <3d82ab5e-62da-11cf-ab39-0020af71e433>
 FLOAT x;
 FLOAT y;
 FLOAT z;
}

template MeshFace {
 <3d82ab5f-62da-11cf-ab39-0020af71e433>
 DWORD nFaceVertexIndices;
 array DWORD faceVertexIndices[nFaceVertexIndices];
}

template Mesh {
 <3d82ab44-62da-11cf-ab39-0020af71e433>
 DWORD nVertices;
 array Vector vertices[nVertices];
 DWORD nFaces;
 array MeshFace faces[nFaces];
 [...]
}

template MeshNormals {
 <f6f23f43-7686-11cf-8f52-0040333594a3>
 DWORD nNormals;
 array Vector normals[nNormals];
 DWORD nFaceNormals;
 array MeshFace faceNormals[nFaceNormals];
}

template Coords2d {
 <f6f23f44-7686-11cf-8f52-0040333594a3>
 FLOAT u;
 FLOAT v;
}

template MeshTextureCoords {
 <f6f23f40-7686-11cf-8f52-0040333594a3>
 DWORD nTextureCoords;
 array Coords2d textureCoords[nTextureCoords];
}

template ColorRGBA {
 <35ff44e0-6c7c-11cf-8f52-0040333594a3>
 FLOAT red;
 FLOAT green;
 FLOAT blue;
 FLOAT alpha;
}

template ColorRGB {
 <d3e16e81-7835-11cf-8f52-0040333594a3>
 FLOAT red;
 FLOAT green;
 FLOAT blue;
}

template Material {
 <3d82ab4d-62da-11cf-ab39-0020af71e433>
 ColorRGBA faceColor;
 FLOAT power;
 ColorRGB specularColor;
 ColorRGB emissiveColor;
 [...]
}

template MeshMaterialList {
 <f6f23f42-7686-11cf-8f52-0040333594a3>
 DWORD nMaterials;
 DWORD nFaceIndexes;
 array DWORD faceIndexes[nFaceIndexes];
 [Material <3d82ab4d-62da-11cf-ab39-0020af71e433>]
}

template TextureFilename {
 <a42790e1-7810-11cf-8f52-0040333594a3>
 STRING filename;
}

template XSkinMeshHeader {
 <3cf169ce-ff7c-44ab-93c0-f78f62d172e2>
 WORD nMaxSkinWeightsPerVertex;
 WORD nMaxSkinWeightsPerFace;
 WORD nBones;
}

template SkinWeights {
 <6f0d123b-bad2-4167-a0d0-80224f25fabb>
 STRING transformNodeName;
 DWORD nWeights;
 array DWORD vertexIndices[nWeights];
 array FLOAT weights[nWeights];
 Matrix4x4 matrixOffset;
}

template Animation {
 <3d82ab4f-62da-11cf-ab39-0020af71e433>
 [...]
}

template AnimationSet {
 <3d82ab50-62da-11cf-ab39-0020af71e433>
 [Animation <3d82ab4f-62da-11cf-ab39-0020af71e433>]
}

template FloatKeys {
 <10dd46a9-775b-11cf-8f52-0040333594a3>
 DWORD nValues;
 array FLOAT values[nValues];
}

template TimedFloatKeys {
 <f406b180-7b3b-11cf-8f52-0040333594a3>
 DWORD time;
 FloatKeys tfkeys;
}

template AnimationKey {
 <10dd46a8-775b-11cf-8f52-0040333594a3>
 DWORD keyType;
 DWORD nKeys;
 array TimedFloatKeys keys[nKeys];
}


AnimTicksPerSecond {
 4800;
}

Frame Model
{
 FrameTransformMatrix
 {
  1.000000,0.000000,0.000000,0.000000,
  0.000000,1.000000,0.000000,0.000000,
  0.000000,0.000000,1.000000,0.000000,
  0.000000,0.000000,0.000000,1.000000;;
 }

Frame BaseBone {
 

 FrameTransformMatrix {
  0.000000,0.087151,-0.996195,0.000000,1.000000,0.000001,0.000000,0.000000,0.000001,-0.996195,-0.087151,0.000000,0.000000,-0.000004,65.955162,1.000000;;
 }

 Frame pelvis {
  

  FrameTransformMatrix {
   -0.895141,-0.000000,-0.093395,0.000000,0.093330,0.033595,-0.894518,0.000000,0.003486,-0.899373,-0.033413,0.000000,-0.545822,0.000003,-0.000004,1.000000;;
  }

  Frame back {
   

   FrameTransformMatrix {
    0.989495,0.144468,0.005396,0.000000,-0.144568,0.988806,0.036926,0.000000,-0.000001,-0.037318,0.999304,0.000000,12.173592,0.000064,0.000011,1.000000;;
   }

   Frame chest {
    

    FrameTransformMatrix {
     0.961316,-0.275449,-0.000002,0.000000,0.275425,0.961232,-0.013165,0.000000,0.003628,0.012655,0.999913,0.000000,13.227166,0.000003,-0.000001,1.000000;;
    }

    Frame neck {
     

     FrameTransformMatrix {
      0.994106,0.108411,0.001428,0.000000,-0.108116,0.992220,-0.061737,0.000000,-0.008110,0.061219,0.998092,0.000000,15.806962,-0.000004,-0.000000,1.000000;;
     }

     Frame head {
      

      FrameTransformMatrix {
       0.992123,-0.124912,-0.009370,0.000000,0.125216,0.991033,0.046635,0.000000,0.003460,-0.047441,0.998868,0.000000,4.142174,-0.000026,-0.000000,1.000000;;
      }

      Frame Face_HairF {
       

       FrameTransformMatrix {
        -0.656660,-0.895964,-0.024762,0.000000,0.896306,-0.656410,-0.018142,0.000000,0.000000,-0.030697,1.110687,0.000000,31.996909,0.000000,-0.000014,1.000000;;
       }
      }

      Frame Face_HairB {
       

       FrameTransformMatrix {
        -1.061589,0.327896,0.009061,0.000000,-0.328021,-1.061183,-0.029328,0.000000,-0.000001,-0.030696,1.110687,0.000000,30.970573,11.757755,0.324936,1.000000;;
       }
      }

      Frame Face_HairR {
       

       FrameTransformMatrix {
        -1.056744,-0.148419,0.309569,0.000000,-0.310681,-0.012879,-1.066715,0.000000,0.146076,-1.101078,-0.029251,0.000000,28.624032,0.972754,8.370079,1.000000;;
       }
      }

      Frame Face_HairL {
       

       FrameTransformMatrix {
        -1.046318,-0.128576,-0.351077,0.000000,0.344317,0.075253,-1.053732,0.000000,0.145714,-1.101078,-0.031021,0.000000,27.250115,1.323515,-11.038087,1.000000;;
       }
      }

      Frame Bone012 {
       

       FrameTransformMatrix {
        -0.916959,0.073468,-0.623182,0.000000,0.625636,0.022108,-0.917964,0.000000,-0.048297,-1.108460,-0.059613,0.000000,16.880394,-6.312860,-16.682590,1.000000;;
       }
      }
     }
    }

    Frame L_shoulder {
     

     FrameTransformMatrix {
      -0.313831,0.360863,-0.878230,0.000000,0.949228,0.140512,-0.281466,0.000000,0.021831,-0.921973,-0.386639,0.000000,13.150444,-0.479328,-2.343414,1.000000;;
     }

     Frame L_uarm {
      

      FrameTransformMatrix {
       0.836586,-0.547655,-0.014089,0.000000,0.500792,0.754066,0.424961,0.000000,-0.222108,-0.362572,0.905102,0.000000,9.701866,0.000008,-0.000002,1.000000;;
      }

      Frame L_elbow {
       

       FrameTransformMatrix {
        0.299565,0.267371,0.915846,0.000000,-0.130180,0.962407,-0.238383,0.000000,-0.945153,-0.047813,0.323110,0.000000,18.432731,-0.000015,0.000008,1.000000;;
       }

       Frame L_wrist {
        

        FrameTransformMatrix {
         0.809756,0.047377,0.584852,0.000000,-0.184240,0.966855,0.176766,0.000000,-0.557092,-0.250890,0.791645,0.000000,22.322325,-0.000008,-0.000008,1.000000;;
        }

        Frame L_t1 {
         

         FrameTransformMatrix {
          0.913730,0.329774,-0.237375,0.000000,-0.253564,0.919276,0.301060,0.000000,0.317495,-0.214898,0.923589,0.000000,4.365314,2.273224,0.029306,1.000000;;
         }

         Frame L_t2 {
          

          FrameTransformMatrix {
           0.861656,0.044473,0.505541,0.000000,-0.048559,0.998807,-0.005103,0.000000,-0.505165,-0.020151,0.862788,0.000000,4.103218,-0.000031,0.000000,1.000000;;
          }

          Frame L_t3 {
           

           FrameTransformMatrix {
            0.763713,0.361333,0.534958,0.000000,-0.372127,0.923556,-0.092554,0.000000,-0.527507,-0.128387,0.839794,0.000000,2.699669,0.000015,-0.000004,1.000000;;
           }
          }
         }
        }

        Frame L_j1 {
         

         FrameTransformMatrix {
          0.919756,0.239070,0.311280,0.000000,-0.208397,0.969520,-0.128851,0.000000,-0.332596,0.053642,0.941543,0.000000,9.134114,2.073204,-2.656878,1.000000;;
         }

         Frame L_j2 {
          

          FrameTransformMatrix {
           0.842644,-0.015998,0.538234,0.000000,0.019023,0.999819,-0.000065,0.000000,-0.538136,0.010293,0.842795,0.000000,4.073387,0.000000,-0.000004,1.000000;;
          }

          Frame L_j3 {
           

           FrameTransformMatrix {
            0.875537,-0.002047,0.483147,0.000000,0.001806,0.999998,0.000965,0.000000,-0.483148,0.000027,0.875539,0.000000,2.886169,0.000008,0.000000,1.000000;;
           }
          }
         }
        }

        Frame L_m1 {
         

         FrameTransformMatrix {
          0.907880,0.167819,0.384176,0.000000,-0.101663,0.977162,-0.186602,0.000000,-0.406717,0.130356,0.904206,0.000000,9.790303,-0.015633,-2.488508,1.000000;;
         }

         Frame L_m2 {
          

          FrameTransformMatrix {
           0.736255,0.011856,0.676600,0.000000,-0.015302,0.999883,-0.000869,0.000000,-0.676531,-0.009713,0.736350,0.000000,4.188656,-0.000008,-0.000008,1.000000;;
          }

          Frame L_m3 {
           

           FrameTransformMatrix {
            0.970783,0.032908,0.237693,0.000000,-0.034580,0.999398,0.002867,0.000000,-0.237455,-0.011003,0.971336,0.000000,3.004097,0.000000,-0.000004,1.000000;;
           }
          }
         }
        }

        Frame L_r1 {
         

         FrameTransformMatrix {
          0.854052,0.073836,0.514922,0.000000,0.086958,0.955682,-0.281267,0.000000,-0.512869,0.284993,0.809781,0.000000,10.105069,-2.183624,-2.121523,1.000000;;
         }

         Frame L_r2 {
          

          FrameTransformMatrix {
           0.692110,0.061721,0.719149,0.000000,-0.088092,0.996112,-0.000711,0.000000,-0.716397,-0.062859,0.694856,0.000000,3.617302,0.000000,-0.000002,1.000000;;
          }

          Frame L_r3 {
           

           FrameTransformMatrix {
            0.959746,-0.000404,0.280869,0.000000,0.000709,0.999999,-0.000987,0.000000,-0.280868,0.001146,0.959746,0.000000,2.287140,-0.000008,0.000002,1.000000;;
           }
          }
         }
        }

        Frame L_p1 {
         

         FrameTransformMatrix {
          0.858948,-0.050169,0.509600,0.000000,0.265134,0.894973,-0.358785,0.000000,-0.438078,0.443290,0.782037,0.000000,9.918746,-4.228073,-1.522316,1.000000;;
         }

         Frame L_p2 {
          

          FrameTransformMatrix {
           0.731646,-0.098289,0.674562,0.000000,0.128689,0.991673,0.004915,0.000000,-0.669428,0.083213,0.738202,0.000000,3.354980,0.000000,0.000000,1.000000;;
          }

          Frame L_p3 {
           

           FrameTransformMatrix {
            0.960804,0.046652,0.273273,0.000000,-0.048889,0.998803,0.001377,0.000000,-0.272882,-0.014683,0.961935,0.000000,2.302635,0.000015,-0.000002,1.000000;;
           }
          }
         }
        }
       }
      }
     }
    }

    Frame mant_B_1 {
     

     FrameTransformMatrix {
      -0.334607,0.942276,0.012413,0.000000,-0.942358,-0.334578,-0.004407,0.000000,0.000001,-0.013172,0.999913,0.000000,15.412384,8.485552,0.111786,1.000000;;
     }

     Frame mant_B_2 {
      

      FrameTransformMatrix {
       0.833784,0.552090,-0.000000,0.000000,-0.552090,0.833784,0.000000,0.000000,0.000000,-0.000000,1.000000,0.000000,6.228997,-0.000122,-0.000000,1.000000;;
      }

      Frame mant_B_3 {
       

       FrameTransformMatrix {
        0.959975,0.280085,0.000000,0.000000,-0.280085,0.959976,0.000000,0.000000,0.000000,-0.000000,1.000000,0.000000,7.247223,0.000008,-0.000001,1.000000;;
       }

       Frame mant_B_4 {
        

        FrameTransformMatrix {
         0.952032,-0.305996,-0.000000,0.000000,0.305996,0.952032,0.000000,0.000000,0.000000,-0.000000,1.000000,0.000000,9.520310,0.000008,0.000000,1.000000;;
        }

        Frame mant_B_5 {
         

         FrameTransformMatrix {
          0.934669,0.355519,-0.000000,0.000000,-0.355519,0.934669,-0.000000,0.000000,0.000000,0.000000,1.000000,0.000000,11.987167,-0.000076,0.000000,1.000000;;
         }

         Frame mant_B_6 {
          

          FrameTransformMatrix {
           0.985389,-0.170319,0.000000,0.000000,0.170319,0.985389,-0.000000,0.000000,-0.000000,0.000000,1.000000,0.000000,20.758682,-0.000031,0.000000,1.000000;;
          }

          Frame mant_B_end {
           

           FrameTransformMatrix {
            1.000000,0.000000,-0.000000,0.000000,0.000000,1.000000,0.000000,0.000000,0.000000,0.000000,1.000000,0.000000,30.402013,-0.000046,0.000000,1.000000;;
           }
          }
         }
        }
       }
      }
     }
    }

    Frame mant_F_1 {
     

     FrameTransformMatrix {
      -0.374313,-0.927222,-0.012215,0.000000,0.927303,-0.374281,-0.004931,0.000000,-0.000000,-0.013172,0.999913,0.000000,12.101502,-4.619560,-0.060860,1.000000;;
     }

     Frame mant_F_2 {
      

      FrameTransformMatrix {
       0.862699,-0.505717,0.000000,0.000000,0.505717,0.862699,-0.000000,0.000000,-0.000000,0.000001,1.000000,0.000000,5.437611,0.000008,-0.000001,1.000000;;
      }

      Frame mant_F_3 {
       

       FrameTransformMatrix {
        0.990590,-0.136866,-0.000000,0.000000,0.136866,0.990590,0.000000,0.000000,0.000000,-0.000000,1.000000,0.000000,6.059570,0.000099,-0.000000,1.000000;;
       }

       Frame mant_F_4 {
        

        FrameTransformMatrix {
         0.999917,-0.012854,0.000000,0.000000,0.012854,0.999917,0.000000,0.000000,-0.000000,-0.000000,1.000000,0.000000,7.429100,0.000000,-0.000000,1.000000;;
        }

        Frame mant_F_5 {
         

         FrameTransformMatrix {
          0.993621,-0.112769,0.000000,0.000000,0.112769,0.993622,0.000000,0.000000,-0.000000,-0.000000,1.000000,0.000000,8.388054,-0.000004,0.000000,1.000000;;
         }

         Frame mant_F_end {
          

          FrameTransformMatrix {
           1.000000,-0.000000,-0.000000,0.000000,0.000000,1.000000,-0.000000,0.000000,-0.000000,-0.000000,1.000000,0.000000,12.349907,-0.000015,0.000000,1.000000;;
          }
         }
        }
       }
      }
     }
    }

    Frame R_shoulder {
     

     FrameTransformMatrix {
      -0.371334,0.565354,0.881507,0.000000,-1.047115,-0.213945,-0.303883,0.000000,0.015113,-0.932293,0.604292,0.000000,13.150444,-0.542388,2.443535,1.000000;;
     }

     Frame R_uarm {
      

      FrameTransformMatrix {
       0.894005,0.445835,0.044552,0.000000,-0.351542,0.759605,-0.547191,0.000000,-0.277799,0.473530,0.835821,0.000000,8.731682,-0.000008,0.000008,1.000000;;
      }

      Frame R_elbow {
       

       FrameTransformMatrix {
        0.634696,-0.265027,0.725894,0.000000,-0.254325,0.815380,0.520072,0.000000,-0.729712,-0.514701,0.450115,0.000000,16.589454,-0.000008,-0.000008,1.000000;;
       }

       Frame R_wrist {
        

        FrameTransformMatrix {
         0.893475,0.053766,0.445883,0.000000,0.128495,0.920703,-0.368502,0.000000,-0.430339,0.386541,0.815717,0.000000,18.749363,0.000015,-0.000004,1.000000;;
        }

        Frame R_t1 {
         

         FrameTransformMatrix {
          0.926358,-0.322418,-0.194699,0.000000,0.277379,0.933694,-0.226441,0.000000,0.254799,0.155760,0.954367,0.000000,4.759680,-1.612480,0.023502,1.000000;;
         }

         Frame R_t2 {
          

          FrameTransformMatrix {
           0.997028,-0.054765,-0.054183,0.000000,0.052690,0.997849,-0.039011,0.000000,0.056203,0.036041,0.997769,0.000000,3.692915,0.000031,-0.000015,1.000000;;
          }

          Frame R_t3 {
           

           FrameTransformMatrix {
            0.733743,-0.511887,0.446758,0.000000,0.316705,0.839428,0.441654,0.000000,-0.601098,-0.182570,0.778042,0.000000,2.429689,0.000000,0.000010,1.000000;;
           }
          }
         }
        }

        Frame R_m1 {
         

         FrameTransformMatrix {
          0.672480,-0.151799,0.724381,0.000000,0.033069,0.983926,0.175488,0.000000,-0.739376,-0.094058,0.666690,0.000000,10.157614,0.834976,-2.159939,1.000000;;
         }

         Frame R_m2 {
          

          FrameTransformMatrix {
           0.720919,-0.011636,0.692922,0.000000,0.015303,0.999882,0.000870,0.000000,-0.692851,0.009977,0.721012,0.000000,3.769789,0.000000,0.000002,1.000000;;
          }

          Frame R_m3 {
           

           FrameTransformMatrix {
            0.702419,-0.022262,0.711416,0.000000,0.034579,0.999398,-0.002868,0.000000,-0.710923,0.026614,0.702766,0.000000,2.703690,0.000015,0.000008,1.000000;;
           }
          }
         }
        }

        Frame R_p1 {
         

         FrameTransformMatrix {
          0.656667,-0.025379,0.753754,0.000000,-0.338928,0.882894,0.325000,0.000000,-0.673733,-0.468885,0.571165,0.000000,9.998577,4.638184,-1.351856,1.000000;;
         }

         Frame R_p2 {
          

          FrameTransformMatrix {
           0.746645,0.100150,0.657641,0.000000,-0.128687,0.991673,-0.004915,0.000000,-0.652658,-0.080960,0.753315,0.000000,3.019501,-0.000008,0.000000,1.000000;;
          }

          Frame R_p3 {
           

           FrameTransformMatrix {
            0.698553,-0.033205,0.714787,0.000000,0.048887,0.998803,-0.001378,0.000000,-0.713886,0.035906,0.699340,0.000000,2.072361,-0.000011,0.000019,1.000000;;
           }
          }
         }
        }

        Frame R_j1 {
         

         FrameTransformMatrix {
          0.839536,-0.197235,0.506238,0.000000,0.148780,0.979621,0.134935,0.000000,-0.522536,-0.037964,0.851772,0.000000,8.732494,-1.339905,-1.932955,1.000000;;
         }

         Frame R_j2 {
          

          FrameTransformMatrix {
           0.799798,0.028992,0.599569,0.000000,-0.017194,0.999530,-0.025396,0.000000,-0.600023,0.010003,0.799920,0.000000,3.666042,0.000000,0.000004,1.000000;;
          }

          Frame R_j3 {
           

           FrameTransformMatrix {
            0.806609,-0.080021,0.585644,0.000000,0.088584,0.995969,0.014081,0.000000,-0.584411,0.040521,0.810446,0.000000,2.597572,0.000000,-0.000008,1.000000;;
           }
          }
         }
        }

        Frame R_r1 {
         

         FrameTransformMatrix {
          0.541375,-0.140209,0.829008,0.000000,-0.141247,0.956818,0.254065,0.000000,-0.828832,-0.254639,0.498193,0.000000,10.336401,2.623383,-1.895098,1.000000;;
         }

         Frame R_r2 {
          

          FrameTransformMatrix {
           0.673786,0.052195,0.737081,0.000000,-0.051545,0.998392,-0.023581,0.000000,-0.737126,-0.022104,0.675393,0.000000,3.256035,0.000008,0.000019,1.000000;;
          }

          Frame R_r3 {
           

           FrameTransformMatrix {
            0.614732,-0.082007,0.784461,0.000000,0.121201,0.992589,0.008787,0.000000,-0.779369,0.089676,0.620115,0.000000,2.052166,0.000000,0.000003,1.000000;;
           }
          }
         }
        }
       }
      }
     }
    }
   }
  }
 }

 Frame L_hip {
  

  FrameTransformMatrix {
   0.256290,-0.021779,0.966354,0.000000,0.908451,0.346951,-0.233114,0.000000,-0.330200,0.937630,0.108705,0.000000,2.105373,12.933982,-3.619058,1.000000;;
  }

  Frame L_knee {
   

   FrameTransformMatrix {
    -0.227727,0.903298,-0.363584,0.000000,-0.970363,-0.241530,0.007713,0.000000,-0.080850,0.354565,0.931530,0.000000,20.327827,0.000008,0.000008,1.000000;;
   }

   Frame L_ankle {
    

    FrameTransformMatrix {
     0.571917,-0.820312,0.000151,0.000000,0.820305,0.571911,-0.004337,0.000000,0.003471,0.002604,0.999991,0.000000,31.244080,-0.000023,0.000002,1.000000;;
    }

    Frame L_ball {
     

     FrameTransformMatrix {
      0.633791,-0.773242,0.020119,0.000000,0.773399,0.633919,-0.000029,0.000000,-0.012732,0.015579,0.999798,0.000000,12.753187,0.000004,0.000002,1.000000;;
     }

     Frame L_toe {
      

      FrameTransformMatrix {
       1.000000,-0.000000,0.000000,0.000000,0.000000,1.000000,0.000000,0.000000,-0.000000,-0.000000,1.000000,0.000000,16.659862,0.000006,0.000002,1.000000;;
      }
     }
    }
   }
  }
 }

 Frame R_hip {
  

  FrameTransformMatrix {
   0.570269,0.064427,0.818928,0.000000,-0.794344,0.297269,0.529763,0.000000,-0.209311,-0.952618,0.220700,0.000000,2.105370,-11.066021,-3.619044,1.000000;;
  }

  Frame R_knee {
   

   FrameTransformMatrix {
    0.742473,-0.624798,-0.241579,0.000000,0.642316,0.766398,-0.008034,0.000000,0.190165,-0.149205,0.970348,0.000000,20.327827,-0.000011,0.000000,1.000000;;
   }

   Frame R_ankle {
    

    FrameTransformMatrix {
     0.990960,-0.072574,0.112837,0.000000,-0.008583,-0.873628,-0.486519,0.000000,0.133886,0.481152,-0.866353,0.000000,31.244099,0.000015,0.000002,1.000000;;
    }

    Frame R_ball {
     

     FrameTransformMatrix {
      0.593299,-0.796432,0.117017,0.000000,0.801941,0.597403,0.000000,0.000000,-0.069906,0.093841,0.993130,0.000000,12.753186,0.000000,-0.000001,1.000000;;
     }

     Frame R_toe {
      

      FrameTransformMatrix {
       1.000000,0.000000,0.000000,0.000000,-0.000000,1.000000,0.000000,0.000000,-0.000000,0.000000,1.000000,0.000000,16.659851,-0.000006,-0.000002,1.000000;;
      }
     }
    }
   }
  }
 }
}

Frame Model_Maru_hair {
 

 FrameTransformMatrix {
  1.083283,0.000000,0.000000,0.000000,0.000000,1.083283,0.000000,0.000000,0.000000,0.000000,1.083283,0.000000,0.000002,-0.000003,0.000000,1.000000;;
 }

 Mesh {
  854;
  2.379440;-8.048565;116.170406;,
  2.722008;-9.063141;116.792256;,
  1.712964;-7.933122;116.892378;,
  1.794247;-9.279601;118.015309;,
  -7.225517;-6.548444;116.621248;,
  -4.524128;-9.351151;117.189376;,
  -5.934343;-6.872951;118.048640;,
  -4.429225;-8.901089;115.944102;,
  -8.411938;-3.490428;118.814221;,
  -10.266274;-1.761383;118.474829;,
  -11.486798;-2.306734;116.635149;,
  -10.335357;-3.617333;116.423962;,
  -5.553705;6.077622;123.967373;,
  -5.129533;9.936239;124.371341;,
  -6.738503;6.536076;123.261696;,
  -4.426401;11.848178;123.370701;,
  -9.666002;7.879865;121.314189;,
  -6.867330;13.286703;121.760602;,
  4.252101;9.528638;123.793382;,
  5.674260;6.053372;124.096474;,
  8.518058;7.635561;122.368755;,
  5.752462;11.530179;122.473920;,
  7.674014;-2.238401;120.648358;,
  7.407055;-4.153843;119.730304;,
  9.077593;-2.341977;119.320794;,
  6.248497;-3.487275;121.271795;,
  9.425327;-0.268125;120.841485;,
  11.006177;0.045578;119.748582;,
  11.290830;2.665518;119.649907;,
  9.964054;1.547099;120.771251;,
  13.750549;5.987964;120.082906;,
  11.798831;9.794206;119.956557;,
  9.712081;4.583374;122.296358;,
  7.856115;14.418387;119.639142;,
  -5.553705;6.077622;123.967373;,
  -7.574394;3.681064;122.883238;,
  -5.593710;3.041794;123.664525;,
  -6.738503;6.536076;123.261696;,
  -10.272526;4.615176;121.251827;,
  -9.666002;7.879865;121.314189;,
  -7.574394;3.681064;122.883238;,
  -6.630111;0.965436;122.689933;,
  -5.593710;3.041794;123.664525;,
  -4.794926;1.609453;123.449139;,
  -10.272526;4.615176;121.251827;,
  -9.952639;2.034592;120.925722;,
  -7.490562;-0.243000;121.422758;,
  -9.367795;-0.564582;120.252608;,
  -12.115988;0.149318;116.701709;,
  -13.119389;3.599732;117.045082;,
  -13.348858;5.834968;117.686502;,
  -13.348858;5.834968;117.686502;,
  -11.838248;9.052700;118.116083;,
  -11.838248;9.052700;118.116083;,
  -7.886720;15.250886;118.791117;,
  -3.758055;16.427229;119.173427;,
  -2.547478;13.835109;122.407654;,
  0.580306;16.428709;119.518093;,
  -2.547478;13.835109;122.407654;,
  0.125453;13.937528;122.538534;,
  -3.758055;16.427229;119.173427;,
  15.377635;7.443528;116.327885;,
  13.165687;11.797218;116.664320;,
  9.140662;-4.531143;117.929920;,
  10.331810;-2.689425;117.980685;,
  12.764774;0.147975;117.995149;,
  12.990840;3.970415;118.357133;,
  14.514942;3.857880;116.296806;,
  13.839838;0.155106;116.334029;,
  11.819451;-3.174280;115.972621;,
  15.142301;0.403248;114.593510;,
  15.524478;3.589059;114.131597;,
  10.327698;-5.187488;116.018317;,
  0.818915;-8.389602;116.286374;,
  2.705847;-8.390362;115.510195;,
  2.379440;-8.048565;116.170406;,
  1.712964;-7.933122;116.892378;,
  -8.760584;-4.605976;107.974733;,
  -9.440990;-5.785296;108.213325;,
  -9.412866;-5.353924;107.345914;,
  -8.320938;-5.784025;109.381926;,
  -8.940882;-3.651980;106.966560;,
  -9.545222;-4.055719;105.970970;,
  -8.908313;-6.817488;110.065677;,
  -10.965435;-5.787530;108.783846;,
  -9.219258;-6.148047;108.927258;,
  -12.320403;-4.117162;109.545254;,
  -10.748510;-5.546901;107.322131;,
  -10.445926;-5.239142;105.931962;,
  -10.241862;-4.753588;104.856198;,
  -12.266419;-3.646097;107.105542;,
  -13.722766;4.042976;114.493914;,
  -14.222683;6.624802;114.408640;,
  -14.222683;6.624802;114.408640;,
  -13.561038;9.423835;114.882624;,
  -14.098034;4.154824;111.363008;,
  -14.294968;6.932058;111.258138;,
  -13.556842;1.805884;111.184909;,
  -14.134918;3.717849;108.009062;,
  -14.084206;2.099742;107.451213;,
  -14.218072;4.631065;107.192032;,
  -14.294968;6.932058;111.258138;,
  -13.865312;9.445111;110.403904;,
  -12.663502;-1.927427;105.762733;,
  -11.692049;-2.110116;103.961472;,
  -9.869672;-4.181366;102.494483;,
  -11.175410;-2.340178;102.693779;,
  -13.378040;-1.749093;108.130714;,
  -13.816270;0.583770;107.392819;,
  -13.817323;0.943613;105.422790;,
  -14.023853;3.741123;105.966054;,
  -13.190164;1.926355;103.435674;,
  -12.018375;-0.346301;101.167533;,
  -9.011647;-4.055016;98.643008;,
  -13.782094;9.099814;107.361530;,
  -14.218072;4.631065;107.192032;,
  -12.199875;5.387933;105.858675;,
  -13.241289;6.010927;105.999597;,
  -14.023853;3.741123;105.966054;,
  -13.375371;8.839725;105.072698;,
  -12.339213;6.661144;102.505587;,
  -11.618546;6.523528;102.368429;,
  -12.445237;8.251870;101.985875;,
  -9.887162;5.868244;98.166893;,
  -11.391414;3.623100;105.844147;,
  -13.190164;1.926355;103.435674;,
  -11.226608;5.820640;105.103955;,
  -11.391414;3.623100;105.844147;,
  -11.051171;2.438606;106.231680;,
  -10.073168;-0.752997;102.805024;,
  -10.748283;6.305892;102.289523;,
  -10.912562;6.685507;103.133331;,
  -9.496818;6.007743;98.646848;,
  -9.792631;6.309583;101.840128;,
  8.779251;16.124352;116.610816;,
  0.390614;17.878277;116.348045;,
  -3.413962;17.876317;116.233971;,
  -8.541880;16.403197;115.460493;,
  -11.286606;14.887254;111.437453;,
  -13.561038;9.423835;114.882624;,
  -11.504815;13.584864;116.731763;,
  -13.865312;9.445111;110.403904;,
  -10.556482;15.004312;107.267731;,
  -13.782094;9.099814;107.361530;,
  -9.496818;6.007743;98.646848;,
  -9.421439;7.958206;102.485472;,
  -11.509175;8.955210;103.728698;,
  -11.299432;13.235181;104.830694;,
  -10.204632;14.311640;104.491610;,
  -13.375371;8.839725;105.072698;,
  -10.915486;12.135693;103.709510;,
  -10.069510;13.274898;101.717011;,
  -11.509175;8.955210;103.728698;,
  -10.283541;11.722773;103.136461;,
  -8.953582;12.531249;102.515290;,
  -10.283541;11.722773;103.136461;,
  -9.421439;7.958206;102.485472;,
  -11.509175;8.955210;103.728698;,
  -7.807806;10.985445;100.178970;,
  -8.797750;14.723248;104.986099;,
  -11.347018;15.351998;112.899750;,
  -9.846994;16.687890;108.242227;,
  -11.286606;14.887254;111.437453;,
  -8.720610;17.080394;112.304346;,
  -4.156170;18.459995;111.516378;,
  13.092630;-3.997655;111.302118;,
  12.571122;-5.183865;111.091136;,
  12.697846;-5.181442;110.023859;,
  12.218821;-5.500922;110.900096;,
  9.951661;-7.681686;109.523110;,
  9.170554;-7.872725;111.218611;,
  12.788103;-5.621778;108.819597;,
  9.736454;-7.682164;109.010624;,
  13.107237;-4.373793;105.369466;,
  13.092630;-3.997655;111.302118;,
  15.316048;-0.436640;106.115379;,
  15.966418;0.911524;110.740723;,
  13.107237;-4.373793;105.369466;,
  16.031701;3.658883;110.730010;,
  15.797262;2.049083;107.637645;,
  15.070245;4.373092;106.499635;,
  15.927718;6.358336;110.584346;,
  12.820150;-2.577802;100.277555;,
  15.277046;9.503183;110.369280;,
  15.927718;6.358336;110.584346;,
  14.375003;6.917417;105.531181;,
  15.070245;4.373092;106.499635;,
  15.277046;9.503183;110.369280;,
  11.752690;12.475362;105.342336;,
  13.381043;13.324562;110.844621;,
  14.409163;8.813854;105.702758;,
  12.445912;8.926376;103.858874;,
  10.968445;5.841354;98.294419;,
  10.812286;5.968879;100.601709;,
  11.283637;11.374078;103.740998;,
  12.193372;-1.639443;102.478150;,
  10.619523;-6.823763;106.851552;,
  10.627357;-5.853244;102.762317;,
  9.494494;-4.613850;100.213683;,
  9.791385;-5.701498;99.084595;,
  10.147020;-4.319106;102.793472;,
  12.193372;-1.639443;102.478150;,
  10.187663;-2.858141;101.177229;,
  9.494494;-4.613850;100.213683;,
  10.187663;-2.858141;101.177229;,
  10.261778;-2.979487;102.893875;,
  10.261778;-2.979487;102.893875;,
  10.967003;-1.363060;102.490163;,
  10.187663;-2.858141;101.177229;,
  10.786186;-1.358601;102.891226;,
  10.967003;-1.363060;102.490163;,
  11.967258;-0.750024;101.842387;,
  11.967258;-0.750024;101.842387;,
  12.627799;-0.586596;101.429267;,
  12.627799;-0.586596;101.429267;,
  13.193534;2.991133;104.560634;,
  11.481095;0.271596;103.027674;,
  11.967258;-0.750024;101.842387;,
  12.353797;2.056948;103.774048;,
  13.704011;6.239152;105.083392;,
  13.063886;4.796810;105.948557;,
  14.375003;6.917417;105.531181;,
  12.566296;6.525010;103.025728;,
  13.704011;6.239152;105.083392;,
  9.847477;6.474197;101.111322;,
  10.612418;8.020053;102.210112;,
  9.468038;8.387674;101.034400;,
  8.809085;16.900091;111.217254;,
  7.801072;14.631200;105.300371;,
  0.119433;18.246384;111.210573;,
  0.511851;16.580091;105.301613;,
  -3.855681;17.103883;105.248518;,
  -4.156170;18.459995;111.516378;,
  -8.671826;16.874610;109.300275;,
  -4.156170;18.459995;111.516378;,
  -7.764121;16.123173;105.965574;,
  -8.671826;16.874610;109.300275;,
  -3.855681;17.103883;105.248518;,
  -11.286606;14.887254;111.437453;,
  -9.846994;16.687890;108.242227;,
  -9.757818;15.917498;108.718080;,
  -8.671826;16.874610;109.300275;,
  -9.757818;15.917498;108.718080;,
  -9.400246;15.323760;106.443930;,
  -9.400246;15.323760;106.443930;,
  -9.757818;15.917498;108.718080;,
  -8.797750;14.723248;104.986099;,
  -6.263420;15.001358;101.732467;,
  -3.659017;15.934232;103.384659;,
  -8.953582;12.531249;102.515290;,
  -6.719481;12.521525;100.516646;,
  -7.432974;7.652075;99.683725;,
  -6.759571;10.868177;98.834272;,
  -5.878950;13.139576;100.442381;,
  -5.813471;13.905126;99.006592;,
  -5.599692;14.047766;98.995616;,
  -3.659017;15.934232;103.384659;,
  0.511851;15.172970;102.947622;,
  6.564211;12.820002;102.777158;,
  5.940768;11.220398;101.018202;,
  8.243053;7.833718;99.822451;,
  5.269872;9.596147;99.697312;,
  0.511851;11.868943;100.527558;,
  -3.844248;11.872262;100.460525;,
  -5.599692;14.047766;98.995616;,
  -3.835569;10.483320;99.464371;,
  -3.844248;11.872262;100.460525;,
  -3.835569;10.483320;99.464371;,
  -5.219814;9.315196;98.982406;,
  8.100426;-8.829557;113.491251;,
  5.553192;-8.699609;114.932250;,
  4.928003;-9.460962;114.538445;,
  7.909342;-8.040228;114.258739;,
  12.415618;-6.426617;112.746611;,
  12.070655;-5.863176;113.521293;,
  7.609637;-8.546785;112.861773;,
  4.030443;-9.053210;113.703910;,
  12.205646;-5.899844;111.636032;,
  13.755517;-6.428450;112.133542;,
  12.415618;-6.426617;112.746611;,
  13.226812;-6.144958;111.451098;,
  12.205646;-5.899844;111.636032;,
  13.615264;-6.371140;113.349107;,
  12.070655;-5.863176;113.521293;,
  14.454549;-5.545225;113.353830;,
  11.877611;-4.891804;113.727360;,
  13.159435;-3.430630;112.688320;,
  12.431825;-4.088442;113.693325;,
  14.483094;-5.777390;112.150630;,
  14.384336;-4.274212;112.561715;,
  13.092630;-3.997655;111.302118;,
  13.974816;-5.999008;111.407155;,
  16.641315;-10.980150;110.142899;,
  17.892896;-9.680460;110.137664;,
  13.940256;-10.673459;107.878080;,
  14.394470;-11.654420;109.084646;,
  18.207187;-6.637801;109.322010;,
  19.315850;-8.265635;109.117709;,
  16.391000;-12.535344;108.643277;,
  13.974816;-5.999008;111.407155;,
  15.065099;-8.930958;106.755616;,
  13.226812;-6.144958;111.451098;,
  16.225358;-7.813660;106.543302;,
  13.940256;-10.673459;107.878080;,
  15.148613;-10.980666;106.196256;,
  17.724558;-6.293877;108.296538;,
  17.724558;-6.293877;108.296538;,
  18.390398;-7.738898;105.995885;,
  18.213926;-12.248050;108.024384;,
  19.440621;-10.968738;108.003584;,
  17.661325;-12.927125;106.792691;,
  15.892334;-12.670090;106.483520;,
  16.245987;-12.976554;106.937274;,
  17.535237;-12.362123;105.402816;,
  16.656846;-10.446512;105.178938;,
  17.760120;-9.348522;105.085773;,
  19.811402;-9.976392;105.414266;,
  20.156986;-8.611132;107.267098;,
  19.823922;-8.180215;106.352890;,
  19.823922;-8.180215;106.352890;,
  20.168997;-10.309168;106.757446;,
  21.964282;-13.060710;103.879354;,
  20.886934;-14.459302;103.890451;,
  22.011590;-14.358910;103.686048;,
  20.468478;-12.865942;104.512717;,
  21.782102;-12.784844;103.332838;,
  22.522963;-12.932476;103.111578;,
  20.408786;-14.281722;103.438035;,
  20.633850;-14.863565;103.440582;,
  20.408786;-14.281722;103.438035;,
  21.782102;-12.784844;103.332838;,
  21.570432;-14.151107;102.123328;,
  20.468478;-12.865942;104.512717;,
  22.706232;-13.972226;102.439110;,
  21.456600;-15.241016;102.887360;,
  22.260496;-14.720973;102.611738;,
  20.633850;-14.863565;103.440582;,
  22.522963;-12.932476;103.111578;,
  18.162589;-15.525170;105.093664;,
  16.879584;-16.218869;105.786880;,
  17.883053;-16.745392;105.327296;,
  17.354874;-14.269874;105.852064;,
  17.354874;-14.269874;105.852064;,
  18.162589;-15.525170;105.093664;,
  18.148600;-15.565686;104.419251;,
  18.306546;-15.907003;104.524442;,
  16.551981;-15.488254;104.891539;,
  16.085550;-16.342171;105.429741;,
  16.551981;-15.488254;104.891539;,
  16.759211;-16.056000;103.992563;,
  18.306546;-15.907003;104.524442;,
  18.117670;-16.480322;104.223597;,
  16.529174;-17.233379;104.731738;,
  17.500666;-17.132854;104.391770;,
  16.085550;-16.342171;105.429741;,
  23.766334;-10.367659;104.374816;,
  23.658710;-8.681490;105.202573;,
  22.286005;-9.720682;105.349766;,
  24.801622;-9.561658;104.771814;,
  23.435880;-8.408910;104.767098;,
  24.021376;-8.078654;104.651258;,
  23.297171;-10.071622;103.833094;,
  23.797147;-10.284878;103.667462;,
  23.435880;-8.408910;104.767098;,
  23.297171;-10.071622;103.833094;,
  22.286005;-9.720682;105.349766;,
  24.161941;-8.787401;103.316800;,
  24.629699;-8.263880;103.889850;,
  24.547048;-9.812444;103.406752;,
  24.908571;-8.971703;103.588685;,
  23.797147;-10.284878;103.667462;,
  24.021376;-8.078654;104.651258;,
  12.205646;-5.899844;111.636032;,
  12.571122;-5.183865;111.091136;,
  12.218821;-5.500922;110.900096;,
  12.205646;-5.899844;111.636032;,
  7.609637;-8.546785;112.861773;,
  8.209646;-8.448730;111.850829;,
  6.875762;-8.690110;112.681997;,
  8.914505;-8.166745;110.676442;,
  9.047106;-7.908749;109.837850;,
  -6.749591;-6.304641;113.938189;,
  -6.370635;-8.195594;114.481267;,
  -7.819977;-7.552226;112.834688;,
  -5.807350;-6.725299;114.633702;,
  -3.676802;-7.381384;115.674253;,
  -2.071993;-8.213482;115.391744;,
  -2.445284;-9.814546;116.800102;,
  13.092630;-3.997655;111.302118;,
  10.563332;-6.598355;105.395117;,
  -3.437769;18.103782;115.109786;,
  -3.690215;18.199715;112.171635;,
  -3.413962;17.876317;116.233971;,
  -2.949050;17.599352;116.624333;,
  -0.063930;17.993198;115.616192;,
  -2.949050;17.599352;116.624333;,
  -0.085666;19.123144;115.223872;,
  -3.413962;17.876317;116.233971;,
  -0.063930;17.993198;115.616192;,
  -3.437769;18.103782;115.109786;,
  -0.482092;18.808861;114.376218;,
  -0.482092;18.808861;114.376218;,
  -3.690215;18.199715;112.171635;,
  -3.437769;18.103782;115.109786;,
  -0.472627;18.301318;112.367680;,
  8.886579;16.857843;113.849472;,
  8.886579;16.857843;113.849472;,
  9.058134;17.621306;113.134131;,
  8.212036;17.166024;112.196019;,
  8.212036;17.166024;112.196019;,
  6.250694;17.896789;112.225574;,
  13.787106;13.532014;111.625011;,
  13.381043;13.324562;110.844621;,
  13.861464;13.344299;112.326835;,
  15.277046;9.503183;110.369280;,
  15.904629;9.651774;111.058662;,
  15.396363;9.428143;111.864435;,
  15.927718;6.358336;110.584346;,
  16.526802;6.395354;111.309350;,
  16.078006;6.348095;112.100262;,
  16.031701;3.658883;110.730010;,
  16.551152;3.708796;111.413594;,
  15.966418;0.911524;110.740723;,
  16.176386;0.901107;111.416256;,
  13.092630;-3.997655;111.302118;,
  14.384336;-4.274212;112.561715;,
  15.727734;0.565594;112.400704;,
  13.159435;-3.430630;112.688320;,
  16.029261;3.557163;112.194534;,
  13.861464;13.344299;112.326835;,
  15.396363;9.428143;111.864435;,
  16.029261;3.557163;112.194534;,
  15.342934;5.883840;114.342963;,
  16.078006;6.348095;112.100262;,
  15.727734;0.565594;112.400704;,
  12.350181;-3.480976;114.763136;,
  11.179230;-5.278466;114.962944;,
  13.159435;-3.430630;112.688320;,
  12.431825;-4.088442;113.693325;,
  12.204699;-4.098765;114.240538;,
  11.706305;-4.788464;114.280704;,
  11.877611;-4.891804;113.727360;,
  12.070655;-5.863176;113.521293;,
  7.909342;-8.040228;114.258739;,
  13.892254;5.131074;117.142374;,
  16.078006;6.348095;112.100262;,
  15.478176;6.114485;115.811571;,
  14.572358;5.345078;117.969485;,
  15.342934;5.883840;114.342963;,
  13.892254;5.131074;117.142374;,
  14.068552;4.663666;118.874304;,
  13.556539;4.617835;117.665050;,
  3.061983;-9.563352;114.961523;,
  1.877892;-9.046964;114.300134;,
  3.646506;-9.075868;115.418867;,
  0.818915;-8.389602;116.286374;,
  0.723687;-7.705404;117.239014;,
  -0.429236;-7.926126;116.887898;,
  1.712964;-7.933122;116.892378;,
  7.925482;-7.437626;115.214259;,
  5.553192;-8.699609;114.932250;,
  5.278472;-8.029598;115.946637;,
  7.541242;-7.060574;116.065830;,
  3.646506;-9.075868;115.418867;,
  3.787951;-8.821994;116.582477;,
  4.927439;-7.833246;116.684672;,
  3.501639;-8.409910;117.662554;,
  6.779654;-6.028989;118.006502;,
  4.713750;-6.926698;118.311795;,
  3.688062;-7.458844;118.835725;,
  5.767995;-5.276062;119.777178;,
  4.179795;-6.073850;120.014566;,
  4.375733;-3.810655;121.843622;,
  2.628407;-4.279093;121.621722;,
  0.907637;-6.125649;120.429747;,
  1.753149;-4.415382;121.373914;,
  0.786563;-4.565889;121.100301;,
  2.451221;-6.101215;120.233882;,
  -10.953222;-4.915047;112.731622;,
  -9.488558;-6.145388;114.376346;,
  0.600524;-9.017282;115.579085;,
  0.445720;-9.275765;114.753229;,
  2.705847;-8.390362;115.510195;,
  0.818915;-8.389602;116.286374;,
  0.600524;-9.017282;115.579085;,
  0.759961;-10.847872;114.501414;,
  0.600524;-9.017282;115.579085;,
  0.759961;-10.847872;114.501414;,
  0.445720;-9.275765;114.753229;,
  -2.071993;-8.213482;115.391744;,
  -0.751149;-11.062196;114.691686;,
  -2.445284;-9.814546;116.800102;,
  1.113609;-11.088134;115.074163;,
  0.723687;-7.705404;117.239014;,
  1.794247;-9.279601;118.015309;,
  1.113609;-11.088134;115.074163;,
  -3.610810;-9.686052;117.578522;,
  -4.491745;-6.782591;119.223206;,
  -13.246203;1.227303;114.471078;,
  -13.221951;-2.467860;110.202829;,
  -13.655624;-0.059278;111.102822;,
  -12.748773;-1.305644;114.597517;,
  -11.660853;-3.644496;113.463206;,
  -6.276670;-4.367191;119.990925;,
  -4.655773;-4.679534;120.618931;,
  -8.411938;-3.490428;118.814221;,
  -12.508399;-1.022570;118.858214;,
  -10.266274;-1.761383;118.474829;,
  -9.367795;-0.564582;120.252608;,
  -8.500298;-3.890812;119.422413;,
  -6.276670;-4.367191;119.990925;,
  -5.215905;-4.972391;121.147750;,
  -4.655773;-4.679534;120.618931;,
  -8.268277;-2.692293;120.372570;,
  -9.367795;-0.564582;120.252608;,
  -5.621059;-4.444480;121.713536;,
  -7.490562;-0.243000;121.422758;,
  -5.621059;-4.444480;121.713536;,
  -10.179498;-2.417402;123.551578;,
  -7.490562;-0.243000;121.422758;,
  -12.456986;1.211037;121.768307;,
  -8.075534;-0.896522;125.534784;,
  -7.490562;-0.243000;121.422758;,
  -6.630111;0.965436;122.689933;,
